Weight (mpg),Fuel use
1.0,6.656869627585078
2.0,4.661724180526251
3.0,6.514463731198926
4.0,3.3127891572219563
5.0,3.053215550528401
6.0,3.5578514529961893
7.0,1.9972764377028007
8.0,2.309062244825652
9.0,8.181533633871426
10.0,6.117023906810348
11.0,1.9509382543548306
12.0,8.663613072296773
13.0,3.364704681253178
14.0,1.5884518165154111
15.0,6.407651233956514
16.0,4.173593214223587
17.0,10.492321231279348
18.0,4.417814751583922
19.0,8.874573362891745
20.0,2.1205237650831164
21.0,10.748420050523837
22.0,1.4504806747213308
23.0,5.143668166344137
24.0,5.343984049600609
25.0,6.246162085374782
26.0,1.7058099057271487
27.0,4.149942127875985
28.0,4.150779126177143
29.0,9.40445263087055
30.0,10.967929558836323
31.0,10.61450757574606
32.0,3.9409925255311293
33.0,7.127007240052223
34.0,7.047261156831777
35.0,4.701689119716011
36.0,9.134617554119462
37.0,3.1630515857363943
38.0,8.402698222819687
39.0,3.3303503929480605
40.0,6.427329534039797
41.0,9.774338564851478
42.0,4.473589699141222
43.0,8.2861544547561
44.0,6.942382248222889
45.0,2.904078824296591
46.0,3.9313637574668236
47.0,2.0626619795986763
48.0,9.380634043642948
49.0,6.592724640361713
50.0,5.934824405520354
51.0,5.8918403534975194
52.0,10.460974393236148
53.0,3.941941140414019
54.0,10.933087174191227
55.0,2.600462367408555
56.0,3.889046366867638
57.0,5.759163598498356
58.0,9.333344997535452
59.0,9.433674273504842
60.0,8.589729004347719
61.0,5.857326839223239
62.0,3.800434195760426
63.0,9.915970933738237
64.0,4.0088178299228705
65.0,8.808872950166151
66.0,4.383689907705068
67.0,10.005521602304997
68.0,5.874401172064791
69.0,6.7892277685540785
70.0,5.106710878534115
71.0,4.141638513593675
72.0,10.987437191712848
73.0,3.50166429884219
74.0,10.58552862895545
75.0,4.145176799505718
76.0,5.838471512258193
77.0,10.576790242323444
78.0,4.81158384801611
79.0,1.5677484532932096
80.0,3.9251753608120374
81.0,6.8724475371246765
82.0,6.049572571488351
83.0,7.624639715337896
84.0,4.784248262642501
85.0,6.0989497732384965
86.0,3.481752532420793
87.0,4.587485532134113
88.0,6.857898468019719
89.0,1.7348068789058682
90.0,1.971335076116001
91.0,6.583093228943514
92.0,6.986472789216045
93.0,10.662409299211777
94.0,3.0847397620221155
95.0,1.296328222026658
96.0,5.658427000088576
97.0,8.96617732852186
98.0,7.171682053665451
99.0,4.799582504214017
100.0,9.215316292707168
